-108084
-12958
78698
61767
-24084
16981
2255
-80915
-145125
-36286
98281
101412
-167191
117148
57225
17144
81279
198613
-109308
-116921
-78470
-155701
-18806
85565
-39344
21879
181212
115310
-119691
-116096
-124727
-126537
168935
67551
142421
-153712
181677
-76207
-31969
193822
60248
74597
100392
122943
-50162
10106
-5157
-7952
16660
-115601
170051
164265
128442
-147777
152574
58420
148897
-157333
-125335
128304
-162247
143462
-92363
168023
105980
18912
137592
-65970
-18984
-139910
26189
-185109
160741
149020
150129
-45647
-86471
87324
-100804
-38290
184952
122109
120196
41027
104882
186115
50407
-142958
-52294
-64016
-153864
-70749
122772
-137415
161771
44385
-122645
183676
-25588
92481
112003
149847
179429
-120413
-153898
-146935
-1785
-32774
-120281
159657
37877
-122533
-159518
108229
18922
134178
111846
-43936
158437
81952
181848
-21921
-100788
-77069
-179027
138086
-137452
178421
-3980
-48651
33538
199525
-65405
176726
-168714
169351
-38988
11689
-177481
51342
-158753
192393
199976
80504
-84753
16817
-72198
-186276
-107177
29488
-174040
-35459
-113975
-121772
-97600
-71164
50982
21428
31438
17177
-126308
-98700
193481
-100485
-149922
61209
117615
190750
174139
-8572
135771
46415
30658
128617
185436
5649
4415
-164499
-167244
79717
87595
-27429
-112289
-9062
48827
165126
-98307
15698
-177011
99358
-109253
-113314
136894
-131642
-67336
119519
62206
-88713
194519
-193749
14504
92089
-55751
-14280
-161226
34503
71386
-45307
151707
-62983
112983
-190614
174775
-48026
180253
184483
147420
119815
107990
-188209
-67897
-178330
-94847
192372
99878
53340
-167344
63443
-94060
-1740
144329
165816
-141450
111938
23451
166540
83686
-176437
-105017
49611
-91560
-155222
66655
119991
75196
59272
-84746
-127166
-184882
34822
-118187
-170429
180608
-59191
-28066
-5401
56200
72913
145132
-121476
-70859
-22937
-199681
9218
179675
-48570
-7147
-74813
62281
-22574
-114837
-174923
19684
-16641
57501
-157265
-75673
-110044
-164879
184565
19286
-121842
33748
196538
-168465
76747
-178320
54495
-21000
138623
-139462
-81420
-121624
115037
178009
157410
-71546
-120558
-107087
-96367
-60331
-6534
189216
-113106
127314
182616
55480
-198271
54561
132486
-118705
107004
151925
-132647
40296
-199076
-119446
99905
146909
-43640
-16641
110184
-135611
62081
-16195
-108190
136507
-58669
24545
-90742
-34936
-199546
-48823
-64195
-148942
-113518
-67630
-139911
101207
-153298
144988
-42013
-149375
-59270
-157614
51219
-4931
122546
190098
99508
-36250
198741
-183434
-124222
141346
-133629
168681
188700
-120060
-191070
-46667
118613
168598
-121446
181143
191130
57042
194031
-3206
49930
110627
137001
21119
-109914
-124353
-83041
139844
-130332
-92995
25747
-143102
-168811
-184804
34705
93028
18513
195931
-139161
127029
-118137
-105503
-77021
-196651
-160798
156427
-188822
-188536
12895
46098
-162925
-9010
120255
-74399
-172348
-41739
-41132
175100
-54748
-31241
-117883
-189680
185633
13292
170270
-124956
144580
-60130
91295
58950
175107
2803
153736
175094
57286
-108133
-150994
-168274
-172509
-118396
-44496
73309
-106445
-34259
-73445
-97872
33519
143270
181849
180189
81977
18851
196968
-7675
53287
-28600
5776
9861
5025
-139502
84128
134982
172005
79578
-97435
-33613
128102
-118898
-120375
56763
75034
51290
165697
-125890
-99882
-101997
-197305
184220
128186
195483
-64751
182122
-117801
66142
-115071
-95266
40350
-162261
-174031
-92524
-158488
-123045
87578
196683
-71619
-3329
31398
141108
121260
-120939
122756
19297
-85248
-120328
-135562
-142824
-23080
117534
123037
104479
-59986
-14192
157935
-187800
-152005
-49147
-26070
174602
45978
123465
121340
176179
126304
-300
-126065
31252
-104032
130667
-5816
136321
-120697
-77932
-182948
37025
-49360
132938
150394
-179266
121540
130540
-185104
143708
-132861
185545
91409
74622
82141
28193
-18372
173587
126637
161542
-66083
-11065
188411
101371
-41975
-153813
-38035
-197295
9396
117051
-90500
-96062
20628
-153493
-82529
-57602
-156134
-108260
172939
-107690
-6855
185176
194382
-193334
63558
-193233
-105607
-95267
33629
-55093
-40226
73946
-62118
-72407
-179787
-40251
53183
169442
169541
-139357
-45358
3647
109530
169611
-156887
-58006
-67569
-59965
-162911
134703
-80737
-76162
-60892
305
48403
30262
-130653
182251
65152
-118788
-70277
62354
-101685
-77586
-130538
149868
-184253
-20881
168584
-80034
-40770
73448
-106519
144354
156203
-106475
110630
82911
50577
66523
-60957
113505
-65988
45418
-62371
29383
47152
-72816
179535
81231
-99256
-149028
147392
111977
-66848
140561
100804
167887
47236
141451
133719
63187
199068
-15666
80299
-101025
172150
-153343
140898
-152019
-29564
78110
-85702
155874
-10183
88310
-42813
41450
132219
-29803
58415
-128336
71765
-112494
59483
5590
-84421
163952
182142
-170249
77762
-178737
11079
-141747
44798
-156267
42844
-130012
-152810
-96974
115455
-59353
186759
-175145
24057
-67599
158703
6768
144623
5072
110294
83078
-103338
-17770
-117777
66565
23909
47780
-28394
-103402
-167640
-129999
175787
-85118
-92326
-20303
-179501
-16401
55081
112447
176849
93753
-67596
-45091
-110135
79475
76721
-32055
-18853
159915
-79715
45868
196084
156144
-52163
183147
156513
188429
-93821
-120181
-180031
179041
7057
-196044
90282
-34307
-53517
9866
15718
-6389
170711
184182
24244
-97758
-175227
61213
128954
73321
81894
165706
86950
-91445
44744
-186207
-180476
-73552
-18896
-123066
-9044
198471
-71113
41705
-43135
-20026
131987
75194
-26832
9745
-22479
-107627
-27496
150056
196153
-109351
30303
115643
50375
-86111
126079
79168
45181
3320
195085
-151427
21118
7658
-191502
42982
-149546
-83270
-158546
-135387
-163568
12727
93468
192541
-72892
-168355
-133596
-27821
98159
80942
59980
-25184
71933
195694
16370
22638
584
-26891
-36258
-29253
-5679
107168
-79527
1782
97525
-30474
-24755
13293
121078
-136333
175100
188240
129157
147708
-133355
132245
-131746
116163
-177727
-145035
7974
16518
7521
27584
-41931
-147084
-53900
-19062
-25132
19173
-96992
-38809
-170208
77414
-185696
102874
-128050
-118007
-101601
-165294
-185439
-86549
178623
30681
6783
-71585
-984
120492
-20009
-28464
29196
-191899
-193409
181087
-68903
106062
-29355
88632
19406
-63616
-147092
131786
-152055
-100563
-2883
-164665
174734
-153011
-73389
-133934
22675
24735
-8196
-194362
-124599
-135494
165479
-56604
66754
-21212
-117539
141784
-112256
149401
-5995
-50993
68144
88410
78012
-124533
189387
171847
82812
-174495
11008
103808
63688
19607
74
-124033
-158241
-91804
-46851
42972
-63277
40804
-37172
151871
41846
-144618
178743
152773
-184949
99061
94858
-6340
183019
-65575
42909
-181908
39715
129771
42263
91261
-100901
-172588
-89754
-130688
148343
-127570
-120434
198095
153438
177929
107110
198143
20631
-176039
-124519
-148600
52543
-48347
114464
30409
-43866
70491
-149453
37080
62327
67798
115458
101140
-74323
-187770
-45397
82836
-42278
196103
64516
151165
-55770
-175529
-168237
63766
-199235
-137929
111358
-39575
-112710
-28323
-84735
-95998
34620
90063
-60420
-136404
27516
-19545
-51477
32758
-157926
67750
-131431
195412
-169735
198859
4514
