327064140
1833401679
1049790647
921876556
1006489570
981180054
-1790406071
1131228115
-2026815179
295970496
-41568424
1089890343
662494316
46617118
-668619765
-190623088
-1820330539
-1688438477
1030455478
837618200
-172236955
-1300186218
-2126856171
-1076995862
-1717209851
-12130460
-129172530
1268933921
214686781
-1308341540
1213058380
1661255635
908353960
-1078371892
-1514641795
-309351973
798238524
-1684721050
-275109812
-2065152884
-1447046554
-2084940369
1793202385
-821342100
-396710825
343022942
-883028377
-1803041173
1712015382
-1801098743
496151284
-961783130
-151602381
-1955554197
-2118449073
-1390122047
-339094559
1040268723
1451101616
-1021550757
-567458738
-2143153139
819658231
1613693670
470811304
-447433791
-393851006
-1393365152
-1463293579
345999368
1642488557
-1433192525
1287919609
-493873465
831550533
-652356511
-686354826
1419338144
263077053
-2055264129
-1173420331
-1775684667
-2053741819
832423125
-441928800
127316348
-1491878656
-104164037
512431930
-146966481
-1669640282
-915146546
1044643560
1598529918
716770549
1937166714
311335761
-2052785694
275987348
1286036869
-1595903689
362506779
-953842530
-1813143655
1451869550
29594742
2142784638
-1160216406
-814164679
-977718785
-564302422
1878431799
-733309557
-901657538
289572572
1612743785
511903530
-831865565
-1258543143
-1517645610
-243007278
1818977654
-427572632
1661104197
-267816917
-1931716750
1631410312
-1952527699
1646633624
1937980185
-1111747119
666214460
1154025020
-363830045
821579203
-1504270106
1638779380
-950045500
57664757
1498099806
1570119895
509575151
-624274139
1549989010
1545623587
-1785559888
14504573
-1437330751
1181793667
8880406
-1339951174
-809317392
-740500594
-935516093
-111532570
152192431
-36789585
-1235413741
-1289442506
-1121407668
524922762
417178936
616386678
1654942798
-1548862880
-457741702
-420203560
137302790
23271211
474063073
240994763
-368225743
-474555765
-1444243473
-923471595
-954211525
811843365
1006342122
1583307254
-1885311889
640809882
1524479536
-348603583
-1772201949
-810684839
2125156504
-2146064780
-1430031793
2092381178
448032292
1933219306
608230829
1375752582
1797754618
-1899819421
-1806047780
-2037417254
-679698328
-506068590
-1749666037
-1294394979
952730081
-798699445
604647421
-54447136
-1691456689
-134242534
1213276328
-1143356974
1314204677
-132472360
-2013321618
978421782
1838231034
-817603420
398876867
-1710833302
366385886
796818232
1504643683
-349573585
444260662
-450270195
1012832054
823757526
1008510685
-529092104
-2110567108
521360503
-1587808270
1600187511
2112853585
1226385950
1899253032
-1245742352
-414635793
289658927
-589303647
-128884873
-1080039866
1866552234
999061306
733521194
-90389887
-1147749290
-1783197591
654875018
1723711794
-189301359
-378486215
2054977898
-279566058
160499085
141161151
396393002
-446699108
1503681285
-1362837112
-1594214866
-1475132263
1863715170
-487282802
-362574430
-1884287919
276917104
-839640372
-1526307020
1072964128
-632965860
-30635277
165495357
174239814
-1684144629
-1975440330
232116612
984684943
-981592750
216939249
300574455
266404184
-218964518
1472536788
1905896282
-482599382
-964363164
-692080619
-1749302410
-574865616
-1148660806
-895410125
465663777
-1858672386
-1309628792
1849998602
2117866185
-501276461
-581707085
1872568334
-56961559
1138489491
1924275485
-1409112592
-82872652
614795748
-1285493522
703636527
340743788
-1975739793
-2103201773
-2000067678
82899671
-1216424212
854592620
676155664
-695241898
-1282684084
1358859179
305625536
1865934150
595377231
-483932755
-2019036922
-1722946859
-1266171563
1858184403
1764441764
953945577
-297369542
204528626
1560212507
1578298059
-1186207808
2107393581
-1393450266
845650188
1910419620
1823636163
-1886158056
-399288431
-1418891663
1289700576
133520107
-1945354802
427887365
1392960705
-1684040373
152198435
-962927777
-99382991
-984410964
-1512590355
2079827487
1063219183
92898705
1643799191
-174566559
-1199232916
-850299741
-66967797
-223715680
1003079930
862489833
789996272
1780944345
-405836731
1057092814
-2133745371
1589560416
-1649358785
258654490
496562258
1526585924
1994460415
-1052383986
1082306583
-446810685
1688775934
-24621232
976536524
-1689151323
-1971171588
264594872
-1413736009
1498393461
-218462967
-1698137747
1990878894
1960629330
-79342683
-411470590
-1961785122
1987074472
-2132242472
1868782891
1025281551
-2063131083
1612442686
626614288
-1881239814
570446119
-15480185
843712788
1947991025
-1980370227
-1233026200
1234587315
-197575339
-1997860873
-1545823222
-1682175543
-177771664
-1977805545
-1353094487
-982287465
1133254075
-274506302
-1910403233
990784940
-1510208644
242848914
-1521585682
-1517794773
71723707
-1723166422
1714182296
-1297280031
-696581245
629187999
-973451661
1620341374
-1549805730
-1465597312
-363199213
142188863
-216273255
1608050496
-387090432
724201076
1324901753
1947186721
1273667317
2000001456
911323785
673455848
338915222
-492961982
1280798289
1276016341
-1216485440
-1215297054
1902158105
1632090337
434871253
-2043972283
2043729387
-175486069
934661954
-1450194203
980120538
135683592
1792393666
1152712158
-1231258037
-1715862068
1082383939
-1829261531
-1265475341
-1426399920
1908138298
78495901
51253132
1523052333
1594856758
577402844
1666163174
1624497411
109489261
682635008
918970562
1801891118
-1384405848
-2101227453
1336768200
1662890889
1477135477
1598372248
440045491
-1889306843
679323039
1701927462
1761329202
-83003761
-693674575
591195247
1797177625
1327269907
136552067
1306656150
1434996955
-1461504998
