-1276817547
1121057819
1070081598
-89477774
-690001311
-62012263
-701134144
-2088766377
-1290325168
-1486808828
784844547
-870010772
1764865679
-965292279
-1710238726
-2142903025
-1509963459
-1465967999
-42429615
518568746
479830345
-269313485
-1554745299
292676611
-490983750
-1795903061
-403406375
-1778813496
-1142310740
-2049102979
95950785
1352798660
-1517010917
2100769688
967793216
-1273191698
48905805
1300002998
-1018499714
-1899742469
-925698700
-1276885559
863702204
-735197884
-1296066817
-323212841
-1867832370
1000944511
788932812
-123355192
1269795943
-1208859372
-1479964005
909087710
487757056
654207008
1794286556
-1087515544
-1471344983
-927056815
-755039769
463936352
-2137257599
-1237462472
-932087237
1483807468
-1241478461
36141855
-209450609
313225914
350912456
-674118563
1203574918
551744688
990507811
1549929351
-212912853
-2056601543
-1436109193
-500259498
-887250951
991929281
-347408435
-560282095
-1559594790
-1063708691
1548481409
1803096268
-1205942341
1565627356
-620743730
-1402684858
693876498
1370282414
-91947546
1013439522
-937163727
-1748288016
1242196766
919806684
-1619180165
-1943402770
-885446602
-942834354
-979237750
1821902615
-1144026881
-1293339488
-249746413
-1885103894
-32682875
150361155
1775009400
937879099
1497947785
427811698
82396092
1826509510
-2101087777
-1497553182
1183600095
-1226836467
-839836460
1998084879
-1481467722
1260740338
1725589969
-1556758646
2052163453
-1741612331
361332978
-1412032427
1197369604
-305125318
-1900129504
1923284732
-518991441
-1103504365
1949717211
-370733266
1155967225
-885654831
667322193
-1221361967
1223316163
-1484638904
-1907605812
-545062915
-1205272008
646504493
624210379
-201923979
-2021705548
-1282601394
-1499260695
1935750672
-1003838855
-2114975592
-363751364
964451926
-73786066
-1703000111
683958277
159497987
604169636
-178173512
-407427892
-117305059
1647440689
-828912897
1575083808
1859326678
-1565487092
-1764879780
-1673415986
-2100427496
2020404031
-1709257888
-335255482
-1574030138
-99450800
-2013667113
1586324546
537368830
1548524650
866590425
-1876314827
-548395462
-411357746
320465037
-508100266
-1735334750
-56194249
-749403219
-730531185
1130202164
1579409287
-1323816127
-1773764540
-2077309180
-1005442764
1983276586
-334097992
-543699044
165107567
967029222
691445429
-1197824234
-1089162752
945952502
-2094147261
1707644696
249673498
1350326444
-1019786022
1889294182
627981141
-1878528404
1357988407
1493045494
2127678088
148183072
-878259153
-564280537
-1273424403
1401171406
276292599
2020029723
1206230484
530777409
1433522055
1795539542
-1785924075
-2008304922
1526849688
-1036936082
1425661320
351574860
-278638020
1396418906
-702304407
1080899077
1925008701
-1638505112
954938493
1102348175
1571287879
1439851654
1356958018
1316316884
-1160275593
-329532172
1035433218
516469369
-1072782085
238328557
1568580463
4614628
-1056743081
-578226199
-1133392414
445389507
-1573427652
885619699
-1693007920
-1608421798
1810771555
-1942178699
-1837872707
102067829
-2061196654
-1228001075
917304215
610380153
810559599
2092443045
-1104348356
462665891
-42186140
952601111
912094411
-650587828
530832710
-2123128933
1693235217
-2045803213
-935299100
-879601558
863832147
-409187335
-737038192
-1088919497
343332679
206490639
2016068297
1680005656
-1016154151
-801641710
404705363
-622789494
-1955117655
-466947717
1927277968
668053894
334424345
-2139662005
-967647006
-417044166
630897270
-1794441936
1010055373
102135152
-48749391
-652212095
1160867463
-77968146
-1903015998
-529434946
-1089563932
-2012803263
-1414106765
-961977639
-2025661649
-1614516635
-1941639222
-1055980840
-137099417
-1094557661
1032400177
1582251446
-1031357740
-1795840779
-1906496105
-2029570121
1383647766
-1520507826
2030877604
-724373974
-450783824
1004153243
-895854140
1631707411
1185909472
-738508960
-643528615
-260831774
414426260
-1569125403
744528404
-1951365418
44201787
-1429981078
1933946109
-1825566316
386833025
-941639348
-1567418496
-915043897
1859717418
596238661
-2112715724
-1720888046
1440070537
-1270569958
419829182
-242639575
-1708820592
-1489737634
1712726817
1698567481
-1845437860
1069174885
623990482
2083315654
-211825548
-1899046927
-1239894341
922529114
-290202817
-788340048
-1914026435
1236089584
-776883845
1446240792
-378956967
184136432
-1456440824
703118749
-1920414491
1157029733
853759364
408269448
648649712
-1435546750
-79134014
1567233034
-968899308
1729743476
-938164675
162194937
1642184701
1066477641
-1000126584
-1940854873
212547222
2137209723
-221306905
-1249107420
-499471543
1048495752
352603745
-540773577
764541875
1510092079
875619716
-277447070
1932143603
1345970043
1207979448
862897888
-671974137
585535346
-1886155790
460479097
550012468
-651614928
-1639352759
-1719114845
732321127
-17271675
-1185671531
-554479727
616715578
231508973
1860834703
-1997034512
-699840029
88952526
-323490626
-348676094
1950758941
-567230487
-572516114
-1769246792
-1113551134
382433129
1858788476
-1406272943
-1982950868
400377564
-687066740
1144085901
-2084999664
-1378203083
1101253112
709160969
1006625499
1145815629
-129231912
1968184408
953191021
722401981
1827533514
-1639515578
-1751780628
-1862324343
882164259
429626402
469190057
1499295106
1132955172
306629250
1724243679
-591700995
576521521
-1594823097
7650613
1710816504
-771392308
1656499454
-935558393
-1487435874
-32958973
-1683468491
-1888854748
1670650654
-766786820
1654655714
1275454970
-1819049615
1177355316
816032870
-1978231985
526023990
1441070182
-54139071
1488234496
459847190
-352158169
-619777633
