-2134555075
-2124691212
-2124686065
-2112437369
-2091691180
-2090332871
-2076805806
-2044926541
-2037938113
-2034031523
-2023311683
-2019157538
-2015058086
-2000784909
-1992435414
-1985806734
-1976107206
-1964173055
-1943615772
-1943520571
-1941490533
-1940970001
-1931175377
-1927725331
-1919538757
-1915762514
-1899593353
-1898653270
-1894865139
-1884422365
-1879519070
-1865845556
-1856901431
-1820645356
-1798114949
-1775548527
-1744215836
-1741104432
-1739106440
-1733305841
-1727928727
-1698007750
-1697527144
-1689728909
-1689574732
-1658091296
-1636451184
-1620882204
-1603824000
-1596534519
-1593093532
-1582494152
-1580864116
-1574364334
-1563769449
-1546975973
-1544253191
-1542478198
-1533694196
-1523288687
-1506922016
-1503809133
-1496125630
-1491968579
-1488631625
-1480167988
-1474355074
-1467131120
-1464370951
-1453377500
-1452515712
-1445057151
-1444646532
-1441947256
-1437841541
-1437527168
-1421244233
-1420115582
-1416451477
-1412032499
-1407487809
-1402658355
-1367911119
-1366504023
-1365887680
-1354078618
-1352399182
-1342688201
-1316570591
-1313785660
-1311754299
-1311511252
-1310259236
-1299398550
-1298620734
-1286194358
-1279530440
-1266629193
-1266380804
-1264494454
-1262570084
-1246252144
-1242712701
-1241904976
-1239495155
-1229710644
-1227369191
-1222934241
-1213848622
-1153328799
-1149060960
-1139361291
-1121640451
-1118637920
-1118062585
-1109638123
-1107660067
-1102830125
-1101031433
-1079726353
-1073445763
-1049664522
-1049336811
-1046610637
-1035714600
-1030200129
-1021257619
-1003085792
-1000444734
-998761280
-963864077
-955995295
-939769692
-920233179
-917899188
-915134913
-907100721
-886304809
-880073689
-874388650
-873527338
-823564714
-822479484
-821477941
-818906510
-815120571
-805466790
-803068486
-789366068
-789283285
-779432282
-766943217
-751638071
-746512181
-730195621
-726736519
-723003842
-709914593
-706330345
-704179375
-699859541
-692697648
-680366514
-673336802
-661115430
-659059927
-658436523
-658244615
-654587802
-647934615
-646913792
-645819954
-645242536
-641231386
-638944671
-637977062
-620209234
-617354503
-605947910
-604958478
-594311648
-593512371
-579417736
-576026805
-569319006
-558021739
-548659826
-546170474
-523695922
-518707650
-513784927
-504026165
-489668249
-484098647
-472279397
-470723878
-470046338
-469810548
-469648901
-469272877
-464343087
-457207347
-437892931
-433351949
-426880104
-416828978
-382975497
-372511555
-368014712
-363866259
-359963863
-347456752
-342671823
-341198421
-332176219
-315330386
-303812844
-300894232
-293211275
-280864115
-275111351
-258581983
-253774751
-251274570
-240352165
-239388715
-233550436
-231766046
-221457256
-211709008
-204466109
-200561640
-177711126
-168818959
-166944302
-165551490
-159332802
-149559614
-133737198
-133467522
-123302895
-114029183
-107734041
-102438131
-97329659
-85269892
-84611022
-68447752
-61334485
-55380534
-53517838
-38308534
-22133823
-20906329
24466697
35769851
44084047
48765638
49903096
55265159
60255201
64700964
75084079
79772347
79977898
100796763
106378445
111101691
129127642
134680202
139843280
178629652
181840308
185812307
189938682
204716105
232577331
249578500
277677253
278401824
281343268
291453536
297323729
299517712
300526601
303432241
305455735
307077127
340033421
346440798
349624949
353937432
360155870
372440644
372663676
377983026
380248739
380886648
414014423
414130615
443210675
461779697
480264048
480657349
482637543
486170269
493292747
495197976
498286185
498524650
499031544
503966924
506492994
510514146
521127388
524934994
531723553
533359190
534483050
535819898
543666007
547557502
558909611
564036237
578132502
589951782
593068749
597516455
607076513
609216942
611673877
617902893
633884681
634382704
642800974
662852927
663554487
667628810
670377949
674470344
677014619
678712521
680930824
686500690
687870579
689762165
689905907
693779521
709410617
728649981
738995159
750295466
751316195
781961637
782184538
788594119
788827486
789644009
800716209
804087822
807536046
808082957
815507830
825393595
842811339
851152500
866245900
869440381
879602170
900979382
906140089
906407871
921423462
928443495
931852435
954953820
969683406
971632016
982189404
994531988
995381753
999530949
1012362872
1013653705
1014895572
1028570503
1029818189
1030396672
1038800484
1053206876
1065215303
1068372936
1082369824
1084038738
1098649418
1099839920
1106450168
1111802210
1115320752
1115768292
1117582778
1122346641
1138247657
1143266449
1166869511
1168551978
1181686721
1188136572
1188398288
1246178301
1254350834
1276862209
1279178754
1298512131
1298656647
1312678577
1320723436
1323758992
1357541065
1367891677
1386288150
1387299405
1398282032
1399806783
1407808358
1409609361
1415525194
1435058914
1448685066
1451470932
1462525340
1470286158
1477709220
1481469627
1487271778
1503808945
1505275844
1517295191
1531895987
1536704833
1546333434
1548174544
1555715752
1562806923
1583223495
1601221921
1604094088
1626481506
1628993292
1635439316
1635678969
1641656923
1644974034
1653137359
1655208613
1715260938
1720867673
1728857554
1736625845
1742368537
1745131010
1750636883
1766648103
1777410115
1793673105
1796675212
1802227581
1804542082
1810990305
1833371437
1845310846
1859505852
1878526066
1884207737
1897533906
1902947496
1916107361
1917519092
1941416017
1972892405
1973432563
1974357683
1982269276
1988961561
1990471033
1990793212
1995755829
2001659716
2025451113
2028016950
2037045376
2043151943
2080757262
2084320434
2099175930
2107734559
2108869422
2120426273
2134363809
2142382171
