-199681
-199546
-199235
-199076
-198271
-197305
-197295
-196651
-196044
-194362
-193749
-193409
-193334
-193233
-191899
-191502
-191070
-190614
-189680
-188822
-188536
-188209
-187800
-187770
-186276
-186207
-185696
-185439
-185109
-185104
-184949
-184882
-184804
-184253
-183434
-182948
-181908
-180476
-180031
-179787
-179501
-179266
-179027
-178737
-178330
-178320
-177727
-177481
-177011
-176437
-176039
-175529
-175227
-175145
-174923
-174495
-174040
-174031
-172588
-172509
-172348
-170429
-170249
-170208
-169735
-168811
-168714
-168465
-168355
-168274
-168237
-167640
-167344
-167244
-167191
-165294
-164879
-164665
-164499
-163568
-162925
-162911
-162261
-162247
-161226
-160798
-159518
-158753
-158546
-158488
-158241
-157926
-157614
-157333
-157265
-156887
-156267
-156134
-155701
-155222
-153898
-153864
-153813
-153712
-153493
-153343
-153298
-153011
-152810
-152055
-152019
-152005
-151427
-150994
-149922
-149546
-149453
-149375
-149028
-148942
-148600
-147777
-147092
-147084
-146935
-145125
-145035
-144618
-143102
-142958
-142824
-141747
-141450
-139911
-139910
-139502
-139462
-139357
-139161
-137929
-137452
-137415
-136404
-136333
-135611
-135562
-135494
-135387
-133934
-133629
-133596
-133355
-132861
-132647
-131746
-131642
-131431
-130688
-130653
-130538
-130332
-130012
-129999
-128336
-128050
-127570
-127166
-126537
-126308
-126065
-125890
-125335
-124956
-124727
-124599
-124533
-124519
-124353
-124222
-124033
-123066
-123045
-122645
-122533
-121842
-121772
-121624
-121476
-121446
-120939
-120697
-120558
-120434
-120413
-120375
-120328
-120281
-120181
-120060
-119691
-119446
-118898
-118788
-118705
-118396
-118187
-118137
-118007
-117883
-117801
-117777
-117539
-116921
-116096
-115601
-115071
-114837
-113975
-113518
-113314
-113106
-112710
-112494
-112289
-112256
-110135
-110044
-109914
-109351
-109308
-109253
-108260
-108190
-108133
-108084
-107690
-107627
-107177
-107087
-106519
-106475
-106445
-105607
-105503
-105017
-104032
-103402
-103338
-101997
-101685
-101601
-101025
-100901
-100804
-100788
-100563
-100485
-99882
-99256
-98700
-98307
-97872
-97758
-97600
-97435
-96992
-96974
-96367
-96062
-95998
-95267
-95266
-94847
-94060
-93821
-92995
-92524
-92363
-92326
-91804
-91560
-91445
-90742
-90500
-89754
-88713
-86549
-86471
-86111
-85702
-85248
-85118
-84753
-84746
-84735
-84421
-83270
-83041
-82529
-81420
-80915
-80737
-80034
-79715
-79527
-78470
-77932
-77586
-77069
-77021
-76207
-76162
-75673
-74813
-74399
-74323
-73552
-73445
-73389
-72892
-72816
-72407
-72198
-71619
-71585
-71546
-71164
-71113
-70859
-70749
-70277
-68903
-67897
-67630
-67599
-67596
-67569
-67336
-66848
-66083
-65988
-65970
-65575
-65405
-64751
-64195
-64016
-63616
-63277
-62983
-62371
-62118
-60957
-60892
-60420
-60331
-60130
-59986
-59965
-59353
-59270
-59191
-58669
-58006
-57602
-56604
-55770
-55751
-55093
-54748
-53900
-53517
-52294
-52163
-51477
-50993
-50162
-49360
-49147
-48823
-48651
-48570
-48347
-48026
-46851
-46667
-45647
-45397
-45358
-45307
-45091
-44496
-43936
-43866
-43640
-43135
-42813
-42278
-42013
-41975
-41931
-41739
-41132
-40770
-40251
-40226
-39575
-39344
-38988
-38809
-38290
-38035
-37172
-36286
-36258
-36250
-35459
-34936
-34307
-34259
-33613
-32774
-32055
-31969
-31241
-30474
-29803
-29564
-29355
-29253
-28600
-28464
-28394
-28323
-28066
-27821
-27496
-27429
-26891
-26832
-26070
-25588
-25184
-25132
-24755
-24084
-23080
-22937
-22574
-22479
-21921
-21212
-21000
-20881
-20303
-20026
-20009
-19545
-19062
-18984
-18896
-18853
-18806
-18372
-17770
-16641
-16641
-16401
-16195
-15666
-14280
-14192
-12958
-11065
-10183
-9062
-9044
-9010
-8572
-8196
-7952
-7675
-7147
-6855
-6534
-6389
-6340
-5995
-5816
-5679
-5401
-5157
-4931
-3980
-3329
-3206
-2883
-1785
-1740
-984
-300
74
305
584
1782
2255
2803
3320
3647
4415
4514
5025
5072
5590
5649
5776
6768
6783
7057
7521
7658
7974
9218
9396
9745
9861
9866
10106
11008
11079
11689
12727
12895
13292
13293
14504
15698
15718
16370
16518
16660
16817
16981
17144
17177
18513
18851
18912
18922
19173
19286
19297
19406
19607
19684
20628
20631
21118
21119
21428
21879
22638
22675
23451
23909
24057
24244
24545
24735
25747
26189
27516
27584
28193
29196
29383
29488
30262
30303
30409
30658
30681
31252
31398
31438
32758
33519
33538
33629
33748
34503
34620
34705
34822
37025
37080
37877
39715
40296
40350
40804
41027
41450
41705
41846
42263
42844
42909
42972
42982
44385
44744
44798
45181
45418
45868
45978
46098
46415
47152
47236
47780
48403
48827
49611
49930
50375
50407
50577
50982
51219
51290
51342
52543
53183
53287
53340
54495
54561
55081
55480
56200
56763
57042
57225
57286
57501
58415
58420
58950
59272
59483
59980
60248
61209
61213
61767
62081
62206
62281
62327
62354
63187
63443
63558
63688
63766
64516
65152
66142
66523
66565
66655
66754
67551
67750
67798
68144
70491
71386
71765
71933
72913
73309
73321
73448
73946
74597
74622
75034
75194
75196
76721
76747
77414
77762
78012
78110
78698
79168
79475
79578
79717
80299
80504
80942
81231
81279
81894
81952
81977
82141
82812
82836
82911
83078
83686
84128
85565
86950
87324
87578
87595
88310
88410
88632
90063
90282
91261
91295
91409
92089
92481
93028
93468
93753
94858
97525
98159
98281
99061
99358
99508
99878
99905
100392
100804
101140
101207
101371
101412
102874
103808
104479
104882
105980
106062
107004
107110
107168
107990
108229
109530
110184
110294
110627
110630
111358
111846
111938
111977
112003
112447
112983
113505
114464
115037
115310
115455
115458
115643
116163
117051
117148
117534
117615
118613
119519
119815
119991
120196
120255
120492
121078
121260
121340
121540
122109
122546
122756
122772
122943
123037
123465
126079
126304
126637
127029
127314
128102
128186
128304
128442
128617
128954
129157
129771
130540
130667
131786
131987
132219
132245
132486
132938
133719
134178
134703
134982
135771
136321
136507
136894
137001
137592
138086
138623
139844
140561
140898
141108
141346
141451
141784
142421
143270
143462
143708
144329
144354
144580
144623
144988
145132
146909
147392
147420
147708
148343
148897
149020
149401
149847
149868
150056
150129
150394
151165
151707
151871
151925
152574
152773
153438
153736
155874
156144
156203
156427
156513
157410
157935
158437
158703
159657
159915
160741
161542
161771
163952
164265
165126
165479
165697
165706
165816
166540
167887
168023
168584
168598
168681
168935
169351
169442
169541
169611
170051
170270
170711
171847
172005
172150
172939
173587
174139
174602
174734
174775
175094
175100
175100
175107
175787
176179
176726
176849
177929
178009
178421
178623
178743
179041
179429
179535
179675
180189
180253
180608
181087
181143
181212
181677
181848
181849
182122
182142
182251
182616
183019
183147
183676
184182
184220
184483
184565
184952
185176
185436
185545
185633
186115
186759
188240
188411
188429
188700
189216
189387
190098
190750
191130
192372
192393
192541
193481
193822
194031
194382
194519
195085
195412
195483
195694
195931
196084
196103
196153
196538
196683
196968
198095
198143
198471
198613
198741
198859
199068
199525
199976
