-2090332871
-2023311683
-2019157538
-1992435414
-1985806734
-1976107206
-1964173055
-1941490533
-1940970001
-1899593353
-1884422365
-1865845556
-1856901431
-1741104432
-1739106440
-1733305841
-1698007750
-1697527144
-1689728909
-1689574732
-1620882204
-1603824000
-1593093532
-1582494152
-1580864116
-1574364334
-1542478198
-1533694196
-1523288687
-1503809133
-1488631625
-1480167988
-1474355074
-1467131120
-1464370951
-1453377500
-1444646532
-1441947256
-1437841541
-1437527168
-1412032499
-1367911119
-1366504023
-1365887680
-1354078618
-1352399182
-1352399182
-1313785660
-1311754299
-1311511252
-1310259236
-1299398550
-1286194358
-1266380804
-1264494454
-1241904976
-1227369191
-1139361291
-1109638123
-1102830125
-1101031433
-1079726353
-1073445763
-1049664522
-1049336811
-1035714600
-1021257619
-1003085792
-998761280
-955995295
-920233179
-880073689
-822479484
-821477941
-818906510
-751638071
-726736519
-706330345
-699859541
-692697648
-673336802
-661115430
-658436523
-645819954
-638944671
-617354503
-604958478
-593512371
-576026805
-569319006
-558021739
-548659826
-523695922
-484098647
-470046338
-469810548
-457207347
-437892931
-433351949
-382975497
-372511555
-359963863
-342671823
-341198421
-315330386
-275111351
-253774751
-233550436
-221457256
-200561640
-159332802
-149559614
-133737198
-114029183
-107734041
-84611022
-68447752
-61334485
-22133823
-20906329
0
0
0
0
0
0
0
0
0
0
0
0
0
0
0
0
0
0
0
0
0
0
0
0
0
0
0
0
0
0
0
0
0
0
0
0
0
0
0
0
0
0
0
0
0
0
0
0
0
0
0
0
0
0
0
0
0
0
0
0
0
0
0
0
0
0
0
0
0
0
0
0
0
0
0
0
0
0
0
0
0
0
0
0
0
0
0
0
0
0
0
0
0
0
0
0
0
0
0
0
0
0
0
0
0
0
0
0
0
0
0
0
0
0
0
0
0
0
0
0
0
0
0
0
0
0
0
0
0
0
