-2090332871
-2023311683
-2023311683
-2019157538
-1992435414
-1992435414
-1985806734
-1976107206
-1976107206
-1964173055
-1941490533
-1941490533
-1940970001
-1940970001
-1899593353
-1884422365
-1865845556
-1865845556
-1741104432
-1739106440
-1733305841
-1698007750
-1698007750
-1697527144
-1689728909
-1689728909
-1689574732
-1689574732
-1620882204
-1603824000
-1603824000
-1580864116
-1580864116
-1574364334
-1533694196
-1523288687
-1523288687
-1503809133
-1488631625
-1488631625
-1474355074
-1467131120
-1467131120
-1444646532
-1441947256
-1441947256
-1437841541
-1437527168
-1437527168
-1412032499
-1367911119
-1367911119
-1366504023
-1365887680
-1365887680
-1352399182
-1352399182
-1313785660
-1313785660
-1311754299
-1311754299
-1311511252
-1310259236
-1299398550
-1286194358
-1266380804
-1264494454
-1264494454
-1242712701
-1242712701
-1241904976
-1241904976
-1227369191
-1227369191
-1139361291
-1139361291
-1109638123
-1107660067
-1102830125
-1101031433
-1101031433
-1079726353
-1073445763
-1073445763
-1049664522
-1049664522
-1049336811
-1021257619
-1021257619
-998761280
-998761280
-955995295
-880073689
-822479484
-822479484
-818906510
-818906510
-751638071
-751638071
-706330345
-699859541
-673336802
-661115430
-2090332871
-2023311683
-2023311683
-2019157538
-1992435414
-1992435414
-1985806734
-1976107206
-1976107206
-1964173055
-1941490533
-1941490533
-1940970001
-1940970001
-1899593353
-1884422365
-1865845556
-1865845556
-1741104432
-1739106440
-1733305841
-1698007750
-1698007750
-1697527144
-1689728909
-1689728909
-1689574732
-1689574732
-1620882204
-1603824000
-1603824000
-1580864116
-1580864116
-1574364334
-1533694196
-1523288687
-1523288687
-1503809133
-1488631625
-1488631625
-1474355074
-1467131120
-1467131120
-1444646532
-1441947256
-1441947256
-1437841541
-1437527168
-1437527168
-1412032499
-1367911119
-1367911119
-1366504023
-1365887680
-1365887680
-1352399182
-658436523
-604958478
-593512371
-558021739
-523695922
-484098647
-470046338
-469810548
-457207347
-437892931
-433351949
-382975497
-372511555
-363866259
-359963863
-342671823
-341198421
-293211275
-275111351
-221457256
-159332802
-133737198
-123302895
-114029183
-107734041
-22133823
-20906329
48765638
49903096
75084079
79772347
111101691
189938682
291453536
300526601
305455735
349624949
480264048
493292747
503966924
534483050
547557502
558909611
564036237
578132502
597516455
607076513
609216942
611673877
634382704
667628810
670377949
674470344
678712521
686500690
689762165
728649981
738995159
788827486
789644009
900979382
906140089
954953820
999530949
1012362872
1038800484
1082369824
1098649418
1115320752
1166869511
1181686721
1246178301
1387299405
1409609361
1448685066
1503808945
1505275844
1531895987
1548174544
1583223495
1626481506
1715260938
1884207737
1897533906
1972892405
1974357683
1982269276
1990471033
2001659716
2099175930
2142382171
