-1352399182
-159332802
-1227369191
-470046338
-1437527168
-1441947256
-293211275
1548174544
-1992435414
79772347
-382975497
788827486
-1101031433
-1049664522
728649981
906140089
1387299405
1448685066
-1976107206
611673877
1115320752
2001659716
305455735
789644009
1982269276
2142382171
1884207737
-433351949
564036237
-1523288687
607076513
1166869511
678712521
-558021739
-1580864116
1505275844
-593512371
300526601
1503808945
189938682
349624949
597516455
-275111351
1246178301
1038800484
900979382
1531895987
-22133823
1012362872
48765638
1897533906
1098649418
1990471033
-1698007750
-1365887680
-437892931
689762165
534483050
-2023311683
-133737198
-341198421
-484098647
-457207347
-469810548
-523695922
480264048
-1073445763
1972892405
738995159
-1488631625
1715260938
609216942
-1603824000
-342671823
667628810
49903096
-1264494454
-1021257619
-998761280
291453536
1626481506
634382704
111101691
-1865845556
-1241904976
1974357683
999530949
1181686721
-822479484
503966924
-20906329
-1367911119
686500690
-1940970001
-1313785660
1409609361
-1689728909
674470344
-221457256
-818906510
547557502
-123302895
1082369824
558909611
578132502
-107734041
-1941490533
493292747
-363866259
-1242712701
-114029183
670377949
-751638071
954953820
1583223495
2099175930
-359963863
-1311754299
-604958478
-372511555
-1139361291
-658436523
75084079
-1689574732
-1467131120
-1884422365
-1299398550
-1985806734
-233550436
807536046
-315330386
-673336802
-1503809133
-1733305841
-2090332871
-1107660067
204716105
-661115430
2025451113
-2019157538
-1741104432
-1311511252
-1899593353
1320723436
-464343087
1188398288
-1366504023
-61334485
1562806923
-1412032499
35769851
-699859541
-1266380804
-1102830125
55265159
-880073689
-1620882204
-1079726353
-1286194358
-1574364334
866245900
-706330345
-955995295
-68447752
-1049336811
-1444646532
-1533694196
-416828978
-637977062
-569319006
24466697
-149559614
1386288150
-1109638123
-1964173055
-1310259236
-84611022
486170269
1517295191
-1474355074
1451470932
-1739106440
-1437841541
1653137359
79977898
377983026
928443495
1635439316
1357541065
-638944671
663554487
-1697527144
1013653705
1462525340
982189404
-1856901431
1481469627
-576026805
-1582494152
480657349
800716209
906407871
751316195
-1035714600
-617354503
-548659826
2037045376
921423462
277677253
804087822
2120426273
971632016
-692697648
372663676
-1542478198
825393595
-200561640
531723553
633884681
709410617
-1480167988
372440644
1655208613
1990793212
307077127
1995755829
510514146
1367891677
-1464370951
689905907
-920233179
1276862209
1138247657
-1354078618
-1003085792
1014895572
869440381
1802227581
-1453377500
-645819954
-253774751
-726736519
498524650
815507830
-1593093532
1115768292
2080757262
1777410115
506492994
-821477941
