-1352399182
-159332802
-1227369191
-470046338
-1437527168
-1441947256
-293211275
1548174544
-1992435414
79772347
-382975497
788827486
-1101031433
-1049664522
728649981
906140089
1387299405
1448685066
-1976107206
611673877
1115320752
2001659716
305455735
789644009
1982269276
2142382171
1884207737
-433351949
564036237
-1523288687
607076513
1166869511
678712521
-558021739
-1580864116
1505275844
-593512371
300526601
1503808945
189938682
349624949
597516455
-275111351
1246178301
1038800484
900979382
1531895987
-22133823
1012362872
48765638
1897533906
1098649418
1990471033
-1698007750
-1365887680
-437892931
689762165
534483050
-2023311683
-133737198
-341198421
-484098647
-457207347
-469810548
-523695922
480264048
-1073445763
1972892405
738995159
-1488631625
1715260938
609216942
-1603824000
-342671823
667628810
49903096
-1264494454
-1021257619
-998761280
291453536
1626481506
634382704
111101691
-1865845556
-1241904976
1974357683
999530949
1181686721
-822479484
503966924
-20906329
-1367911119
686500690
-1940970001
-1313785660
1409609361
-1689728909
674470344
-221457256
-818906510
547557502
-123302895
1082369824
558909611
578132502
-107734041
-1941490533
493292747
-363866259
-1242712701
-114029183
670377949
-751638071
954953820
1583223495
2099175930
-359963863
-1311754299
-604958478
-372511555
-1139361291
-658436523
75084079
-1689574732
-1467131120
-1884422365
-1299398550
-1985806734
-233550436
807536046
-315330386
-673336802
-1503809133
-1733305841
-2090332871
-1107660067
204716105
-661115430
2025451113
-2019157538
-1741104432
-1311511252
-1899593353
1320723436
-464343087
1188398288
-1366504023
-61334485
1562806923
-1412032499
35769851
-699859541
-1266380804
-1102830125
55265159
-880073689
-1620882204
-1079726353
-1286194358
-1574364334
866245900
-706330345
-955995295
-68447752
-1049336811
-1444646532
-1533694196
-416828978
-637977062
-569319006
24466697
-149559614
1386288150
-1109638123
-1964173055
-1310259236
-84611022
486170269
1517295191
-1474355074
1451470932
-1739106440
-1437841541
1653137359
79977898
377983026
928443495
1635439316
1357541065
-638944671
663554487
-1697527144
1013653705
1462525340
982189404
-1856901431
1481469627
-576026805
-1582494152
480657349
800716209
906407871
751316195
-1035714600
-617354503
-548659826
2037045376
921423462
277677253
804087822
2120426273
971632016
-692697648
372663676
-1542478198
825393595
-200561640
531723553
633884681
709410617
-1480167988
372440644
1655208613
1990793212
307077127
1995755829
510514146
1367891677
-1464370951
689905907
-920233179
1276862209
1138247657
-1354078618
-1003085792
1014895572
869440381
1802227581
-1453377500
-645819954
-253774751
-726736519
498524650
815507830
-1593093532
1115768292
2080757262
1777410115
506492994
-821477941
808082957
-1727928727
-2134555075
1601221921
-518707650
642800974
-546170474
-1118637920
100796763
134680202
677014619
-779432282
-177711126
-1563769449
1117582778
139843280
1407808358
-823564714
-1658091296
-2124686065
360155870
1728857554
-1879519070
1099839920
2028016950
249578500
-1402658355
969683406
1435058914
1298512131
-1046610637
-723003842
593068749
1254350834
-2044926541
1279178754
-641231386
1298656647
64700964
303432241
1796675212
-746512181
-1744215836
931852435
-1266629193
185812307
-1316570591
879602170
-102438131
1635678969
1628993292
-2015058086
1810990305
461779697
1555715752
662852927
994531988
1845310846
-1943615772
1902947496
-133467522
1470286158
-2112437369
-469272877
-1121640451
-1915762514
278401824
2084320434
-907100721
-709914593
-166944302
1065215303
1917519092
1398282032
-204466109
-165551490
414014423
-1416451477
-1931175377
-85269892
1916107361
-1229710644
-1149060960
380248739
-280864115
-258581983
-594311648
1536704833
617902893
687870579
-1118062585
1804542082
-1298620734
498286185
-704179375
1859505852
-513784927
-658244615
129127642
1323758992
1641656923
-1636451184
-38308534
1068372936
-1775548527
340033421
533359190
-347456752
-917899188
-659059927
1399806783
-2091691180
-1491968579
-1000444734
1644974034
-1030200129
-1213848622
-368014712
-1279530440
1084038738
-1153328799
106378445
281343268
1604094088
-1239495155
1941416017
1973432563
-332176219
1878526066
-240352165
2108869422
-1506922016
-645242536
499031544
414130615
-231766046
-2076805806
299517712
781961637
-2124691212
842811339
1188136572
-730195621
-168818959
2134363809
1736625845
1487271778
-426880104
1766648103
1312678577
-579417736
1833371437
-1898653270
1030396672
1546333434
-939769692
-1452515712
782184538
524934994
995381753
680930824
750295466
-1262570084
232577331
482637543
-874388650
-1943520571
-680366514
788594119
-1445057151
1720867673
-620209234
346440798
-1420115582
-2037938113
-303812844
-1820645356
-789366068
543666007
-55380534
1053206876
-211709008
-472279397
521127388
-1798114949
-2034031523
1111802210
443210675
-53517838
-1927725331
1122346641
-963864077
-251274570
-915134913
-803068486
535819898
-1544253191
-300894232
1745131010
353937432
181840308
851152500
-805466790
1793673105
380886648
1106450168
1988961561
-815120571
-1546975973
-1342688201
2107734559
-873527338
1415525194
-504026165
-239388715
-469648901
693779521
-489668249
1750636883
-1894865139
-1407487809
1742368537
-1222934241
-605947910
297323729
-766943217
-1246252144
-646913792
1028570503
589951782
-2000784909
-1496125630
495197976
-647934615
-654587802
60255201
178629652
1029818189
-886304809
-789283285
2043151943
-1421244233
-97329659
-470723878
-1919538757
44084047
1168551978
-1596534519
1477709220
1143266449
